0 0.235 0.548048048048 0.074 0.321321321321
0 0.33 0.563063063063 0.06 0.345345345345
0 0.37 0.507507507508 0.028 0.222222222222
0 0.422 0.630630630631 0.076 0.456456456456
0 0.481 0.591591591592 0.05 0.36036036036
0 0.551 0.596096096096 0.086 0.471471471471
0 0.6 0.629129129129 0.088 0.471471471471
0 0.638 0.666666666667 0.076 0.558558558559
0 0.678 0.672672672673 0.088 0.648648648649
0 0.73 0.692192192192 0.136 0.603603603604
0 0.827 0.684684684685 0.138 0.624624624625
0 0.925 0.684684684685 0.146 0.624624624625
