0 0.48 0.370666666667 0.216 0.485333333333
0 0.641 0.412 0.114 0.344
0 0.679 0.632 0.226 0.245333333333
0 0.279 0.494666666667 0.094 0.173333333333
0 0.357 0.510666666667 0.078 0.136
0 0.183 0.556 0.126 0.285333333333
0 0.092 0.581333333333 0.124 0.272
0 0.195 0.4 0.11 0.266666666667
0 0.895 0.617333333333 0.158 0.274666666667
0 0.799 0.532 0.046 0.0826666666667
0 0.051 0.438666666667 0.062 0.184
0 0.022 0.414666666667 0.04 0.0933333333333
0 0.017 0.661333333333 0.034 0.186666666667
0 0.567 0.484 0.082 0.130666666667
