0 0.213 0.662162162162 0.306 0.66966966967
0 0.266 0.548048048048 0.188 0.441441441441
0 0.329 0.487987987988 0.114 0.363363363363
0 0.41 0.418918918919 0.128 0.297297297297
0 0.449 0.381381381381 0.078 0.156156156156
0 0.302 0.246246246246 0.084 0.264264264264
0 0.565 0.316816816817 0.11 0.135135135135
0 0.702 0.283783783784 0.068 0.0510510510511
0 0.783 0.286786786787 0.062 0.0690690690691
0 0.942 0.348348348348 0.068 0.12012012012
0 0.764 0.686186186186 0.328 0.615615615616
0 0.778 0.447447447447 0.22 0.282282282282
0 0.708 0.408408408408 0.108 0.252252252252
0 0.684 0.376876876877 0.056 0.159159159159
