0 0.258 0.634666666667 0.156 0.704
0 0.366 0.642666666667 0.108 0.682666666667
0 0.446 0.609333333333 0.144 0.712
0 0.526 0.596 0.112 0.728
0 0.637 0.576 0.13 0.714666666667
0 0.707 0.588 0.102 0.701333333333
0 0.799 0.586666666667 0.098 0.645333333333
0 0.269 0.190666666667 0.086 0.248
0 0.281 0.238666666667 0.094 0.141333333333
0 0.342 0.192 0.076 0.202666666667
0 0.415 0.241333333333 0.122 0.226666666667
0 0.524 0.242666666667 0.12 0.24
0 0.577 0.245333333333 0.062 0.192
0 0.64 0.222666666667 0.076 0.141333333333
0 0.72 0.222666666667 0.084 0.210666666667
