0 0.34 0.494565217391 0.048 0.170289855072
0 0.041 0.585144927536 0.034 0.0905797101449
0 0.113 0.672101449275 0.054 0.199275362319
0 0.17 0.686594202899 0.084 0.184782608696
0 0.301 0.695652173913 0.066 0.282608695652
0 0.434 0.827898550725 0.056 0.329710144928
0 0.512 0.813405797101 0.096 0.358695652174
0 0.447 0.650362318841 0.054 0.242753623188
0 0.51 0.601449275362 0.032 0.202898550725
0 0.551 0.614130434783 0.026 0.20652173913
0 0.579 0.632246376812 0.046 0.20652173913
0 0.63 0.623188405797 0.044 0.188405797101
0 0.672 0.601449275362 0.028 0.217391304348
0 0.697 0.625 0.034 0.192028985507
0 0.718 0.726449275362 0.04 0.322463768116
0 0.802 0.677536231884 0.052 0.268115942029
0 0.765 0.626811594203 0.026 0.239130434783
0 0.845 0.753623188406 0.034 0.369565217391
0 0.857 0.583333333333 0.034 0.152173913043
0 0.903 0.548913043478 0.034 0.0978260869565
0 0.966 0.614130434783 0.048 0.105072463768
0 0.98 0.829710144928 0.036 0.326086956522
0 0.913 0.833333333333 0.114 0.31884057971
0 0.707 0.938405797101 0.09 0.115942028986
