0 0.912 0.502118644068 0.128 0.783898305085
0 0.844 0.167372881356 0.076 0.190677966102
0 0.811 0.525423728814 0.106 0.737288135593
0 0.729 0.199152542373 0.058 0.194915254237
0 0.696 0.531779661017 0.116 0.741525423729
0 0.637 0.190677966102 0.086 0.21186440678
0 0.595 0.525423728814 0.094 0.762711864407
0 0.512 0.527542372881 0.096 0.724576271186
0 0.412 0.504237288136 0.096 0.728813559322
0 0.311 0.540254237288 0.09 0.656779661017
0 0.221 0.580508474576 0.086 0.745762711864
0 0.089 0.550847457627 0.154 0.847457627119
