0 0.172 0.361333333333 0.164 0.349333333333
0 0.26 0.405333333333 0.18 0.325333333333
0 0.347 0.38 0.086 0.312
0 0.403 0.685333333333 0.186 0.522666666667
0 0.282 0.689333333333 0.172 0.552
0 0.618 0.774666666667 0.316 0.445333333333
0 0.539 0.582666666667 0.106 0.242666666667
0 0.778 0.606666666667 0.16 0.728
0 0.655 0.542666666667 0.126 0.626666666667
0 0.546 0.429333333333 0.136 0.314666666667
0 0.455 0.382666666667 0.15 0.317333333333
0 0.548 0.258666666667 0.12 0.106666666667
0 0.699 0.268 0.086 0.0986666666667
