0 0.625 0.384 0.066 0.0746666666667
0 0.94 0.258666666667 0.044 0.256
0 0.856 0.269333333333 0.04 0.229333333333
0 0.817 0.266666666667 0.046 0.229333333333
0 0.892 0.341333333333 0.092 0.368
0 0.722 0.241333333333 0.1 0.232
0 0.622 0.244 0.12 0.152
0 0.56 0.244 0.056 0.12
0 0.498 0.24 0.076 0.16
0 0.42 0.269333333333 0.052 0.202666666667
0 0.323 0.274666666667 0.078 0.24
0 0.273 0.288 0.062 0.224
0 0.131 0.309333333333 0.078 0.304
0 0.075 0.333333333333 0.078 0.304
0 0.016 0.325333333333 0.028 0.309333333333
