0 0.883333333333 0.630555555556 0.166666666667 0.733333333333
0 0.825 0.673611111111 0.220833333333 0.647222222222
0 0.594791666667 0.815277777778 0.252083333333 0.363888888889
0 0.710416666667 0.397222222222 0.154166666667 0.288888888889
0 0.688541666667 0.744444444444 0.210416666667 0.505555555556
0 0.573958333333 0.527777777778 0.164583333333 0.25
0 0.55 0.354166666667 0.158333333333 0.275
0 0.4 0.654166666667 0.141666666667 0.686111111111
0 0.341666666667 0.3625 0.1 0.230555555556
0 0.247916666667 0.672222222222 0.166666666667 0.65
0 0.0927083333333 0.654166666667 0.164583333333 0.686111111111
