0 0.244 0.316 0.12 0.216
0 0.344 0.345333333333 0.108 0.173333333333
0 0.418 0.349333333333 0.092 0.176
0 0.528 0.390666666667 0.128 0.285333333333
0 0.647 0.426666666667 0.118 0.245333333333
0 0.725 0.362666666667 0.106 0.16
0 0.807 0.449333333333 0.142 0.344
0 0.107 0.545333333333 0.138 0.562666666667
0 0.225 0.44 0.102 0.213333333333
0 0.266 0.577333333333 0.136 0.274666666667
0 0.393 0.538666666667 0.094 0.229333333333
0 0.482 0.533333333333 0.12 0.229333333333
0 0.596 0.553333333333 0.112 0.226666666667
0 0.692 0.562666666667 0.132 0.266666666667
