0 0.91 0.497005988024 0.104 0.443113772455
0 0.51 0.474550898204 0.096 0.38622754491
0 0.598 0.464071856287 0.084 0.335329341317
0 0.196 0.384730538922 0.064 0.230538922156
0 0.64 0.35628742515 0.068 0.191616766467
0 0.723 0.420658682635 0.062 0.338323353293
0 0.77 0.404191616766 0.04 0.329341317365
0 0.936 0.314371257485 0.056 0.191616766467
0 0.687 0.399700598802 0.058 0.314371257485
0 0.114 0.495508982036 0.088 0.47005988024
0 0.284 0.354790419162 0.044 0.224550898204
0 0.056 0.456586826347 0.072 0.440119760479
0 0.491 0.267964071856 0.018 0.0568862275449
0 0.463 0.24251497006 0.022 0.0538922155689
0 0.444 0.285928143713 0.04 0.116766467066
0 0.242 0.357784431138 0.052 0.218562874251
