0 0.52 0.513966480447 0.252 0.653631284916
0 0.09 0.337988826816 0.088 0.279329608939
0 0.093 0.308659217877 0.166 0.332402234637
0 0.18 0.368715083799 0.108 0.201117318436
0 0.202 0.240223463687 0.092 0.201117318436
0 0.245 0.329608938547 0.062 0.223463687151
0 0.304 0.272346368715 0.1 0.265363128492
0 0.277 0.423184357542 0.074 0.0810055865922
0 0.385 0.372905027933 0.09 0.164804469274
0 0.55 0.230446927374 0.076 0.131284916201
0 0.706 0.357541899441 0.136 0.184357541899
0 0.82 0.289106145251 0.1 0.310055865922
0 0.922 0.319832402235 0.096 0.22625698324
0 0.928 0.269553072626 0.116 0.321229050279
