0 0.068 0.642666666667 0.044 0.165333333333
0 0.12 0.652 0.056 0.205333333333
0 0.171 0.654666666667 0.054 0.2
0 0.18 0.626666666667 0.036 0.197333333333
0 0.207 0.629333333333 0.042 0.24
0 0.292 0.645333333333 0.116 0.293333333333
0 0.412 0.657333333333 0.124 0.370666666667
0 0.518 0.684 0.056 0.285333333333
0 0.592 0.678666666667 0.044 0.264
0 0.629 0.676 0.046 0.269333333333
0 0.684 0.669333333333 0.052 0.186666666667
0 0.752 0.694666666667 0.06 0.232
0 0.806 0.701333333333 0.04 0.234666666667
0 0.857 0.670666666667 0.062 0.290666666667
0 0.708 0.670666666667 0.044 0.274666666667
