0 0.974 0.897333333333 0.048 0.2
0 0.917 0.904 0.05 0.186666666667
0 0.846 0.908 0.06 0.178666666667
0 0.821 0.893333333333 0.042 0.202666666667
0 0.748 0.905333333333 0.06 0.184
0 0.602 0.892 0.064 0.210666666667
0 0.53 0.904 0.076 0.186666666667
0 0.481 0.905333333333 0.058 0.184
0 0.4 0.904 0.04 0.186666666667
0 0.363 0.908 0.046 0.168
0 0.273 0.908 0.074 0.178666666667
0 0.22 0.902666666667 0.092 0.189333333333
0 0.125 0.9 0.07 0.189333333333
0 0.066 0.914666666667 0.048 0.165333333333
0 0.026 0.912 0.044 0.170666666667
