0 0.595 0.573333333333 0.098 0.634666666667
0 0.55 0.618666666667 0.236 0.570666666667
0 0.358 0.712 0.188 0.48
0 0.881 0.494666666667 0.206 0.557333333333
0 0.616 0.218666666667 0.112 0.24
0 0.206 0.248 0.136 0.234666666667
0 0.091 0.605333333333 0.182 0.656
0 0.224 0.62 0.176 0.658666666667
0 0.409 0.568 0.122 0.48
0 0.328 0.316 0.16 0.36
0 0.481 0.316 0.162 0.28
0 0.682 0.376 0.128 0.357333333333
0 0.786 0.368 0.128 0.421333333333
0 0.698 0.741333333333 0.176 0.389333333333
0 0.873 0.725333333333 0.198 0.442666666667
