0 0.077 0.465333333333 0.034 0.194666666667
0 0.112 0.486666666667 0.06 0.28
0 0.237 0.474666666667 0.042 0.218666666667
0 0.291 0.501333333333 0.066 0.314666666667
0 0.383 0.472 0.042 0.170666666667
0 0.431 0.485333333333 0.066 0.256
0 0.55 0.486666666667 0.044 0.178666666667
0 0.678 0.552 0.076 0.362666666667
0 0.766 0.521333333333 0.06 0.274666666667
0 0.85 0.501333333333 0.072 0.218666666667
0 0.605 0.482666666667 0.034 0.106666666667
0 0.971 0.429333333333 0.038 0.08
0 0.486 0.502666666667 0.032 0.088
