0 0.304 0.502666666667 0.184 0.424
0 0.511 0.441333333333 0.118 0.216
0 0.614 0.522666666667 0.188 0.384
0 0.035 0.322666666667 0.054 0.138666666667
0 0.093 0.330666666667 0.066 0.133333333333
0 0.15 0.325333333333 0.052 0.133333333333
0 0.091 0.477333333333 0.134 0.293333333333
0 0.17 0.485333333333 0.1 0.256
0 0.221 0.405333333333 0.066 0.128
0 0.7 0.349333333333 0.068 0.112
0 0.763 0.348 0.05 0.114666666667
0 0.813 0.444 0.07 0.317333333333
0 0.871 0.36 0.054 0.101333333333
0 0.941 0.452 0.098 0.290666666667
