0 0.956456456456 0.379 0.045045045045 0.094
0 0.810810810811 0.407 0.0780780780781 0.05
0 0.687687687688 0.411 0.0600600600601 0.054
0 0.606606606607 0.394 0.0600600600601 0.088
0 0.343843843844 0.39 0.0630630630631 0.1
0 0.399399399399 0.399 0.0540540540541 0.09
0 0.282282282282 0.398 0.0540540540541 0.104
0 0.232732732733 0.392 0.0630630630631 0.116
0 0.144144144144 0.401 0.048048048048 0.106
0 0.103603603604 0.408 0.045045045045 0.124
0 0.872372372372 0.511 0.165165165165 0.166
0 0.515015015015 0.538 0.105105105105 0.08
0 0.714714714715 0.755 0.258258258258 0.054
0 0.343843843844 0.478 0.123123123123 0.12
0 0.405405405405 0.457 0.0900900900901 0.078
0 0.211711711712 0.527 0.123123123123 0.11
0 0.274774774775 0.596 0.135135135135 0.16
