0 0.045 0.562666666667 0.09 0.426666666667
0 0.183 0.372 0.138 0.210666666667
0 0.265 0.417333333333 0.09 0.141333333333
0 0.431 0.513333333333 0.098 0.44
0 0.5 0.629333333333 0.152 0.410666666667
0 0.272 0.774666666667 0.14 0.408
0 0.045 0.894666666667 0.09 0.205333333333
0 0.145 0.888 0.122 0.218666666667
0 0.262 0.901333333333 0.088 0.192
0 0.376 0.88 0.124 0.234666666667
0 0.339 0.953333333333 0.11 0.088
0 0.956 0.478666666667 0.084 0.397333333333
0 0.825 0.425333333333 0.146 0.413333333333
