0 0.865 0.246462264151 0.234 0.412735849057
0 0.695 0.268867924528 0.19 0.367924528302
0 0.56 0.281839622642 0.3 0.35141509434
0 0.372 0.271226415094 0.176 0.36320754717
0 0.271 0.285377358491 0.122 0.334905660377
0 0.117 0.331367924528 0.194 0.242924528302
0 0.178 0.753537735849 0.328 0.365566037736
0 0.384 0.707547169811 0.136 0.174528301887
0 0.451 0.778301886792 0.33 0.316037735849
0 0.598 0.734669811321 0.12 0.228773584906
0 0.663 0.827830188679 0.098 0.216981132075
0 0.774 0.75 0.236 0.358490566038
