0 0.916 0.210666666667 0.064 0.218666666667
0 0.972 0.201333333333 0.052 0.290666666667
0 0.257 0.142666666667 0.074 0.136
0 0.162 0.129333333333 0.1 0.162666666667
0 0.088 0.150666666667 0.1 0.136
0 0.022 0.132 0.04 0.184
0 0.308 0.144 0.08 0.133333333333
0 0.766 0.112 0.04 0.0746666666667
0 0.73 0.121333333333 0.028 0.0506666666667
0 0.706 0.116 0.028 0.0613333333333
0 0.66 0.126666666667 0.036 0.04
0 0.417 0.126666666667 0.03 0.0506666666667
0 0.347 0.126666666667 0.042 0.0666666666667
0 0.854 0.192 0.04 0.0533333333333
