0 0.911 0.631268436578 0.074 0.330383480826
0 0.965 0.629793510324 0.066 0.345132743363
0 0.815 0.601769911504 0.082 0.336283185841
0 0.673 0.579646017699 0.102 0.297935103245
0 0.77 0.592920353982 0.032 0.312684365782
0 0.741 0.59587020649 0.042 0.300884955752
0 0.503 0.582595870206 0.046 0.221238938053
0 0.576 0.587020648968 0.048 0.22418879056
0 0.539 0.587020648968 0.034 0.200589970501
0 0.631 0.597345132743 0.046 0.221238938053
0 0.459 0.587020648968 0.074 0.200589970501
0 0.13 0.669616519174 0.26 0.654867256637
0 0.696 0.289085545723 0.068 0.176991150442
0 0.796 0.253687315634 0.064 0.171091445428
0 0.738 0.277286135693 0.036 0.171091445428
