0 0.272 0.392063492063 0.036 0.0984126984127
0 0.309 0.380952380952 0.046 0.0888888888889
0 0.355 0.373015873016 0.05 0.0857142857143
0 0.426 0.371428571429 0.04 0.0761904761905
0 0.499 0.434920634921 0.062 0.184126984127
0 0.438 0.565079365079 0.156 0.355555555556
0 0.257 0.450793650794 0.074 0.139682539683
0 0.159 0.487301587302 0.094 0.155555555556
0 0.07 0.585714285714 0.132 0.35873015873
0 0.585 0.37619047619 0.066 0.111111111111
0 0.68 0.360317460317 0.06 0.104761904762
0 0.757 0.360317460317 0.082 0.104761904762
0 0.831 0.361904761905 0.058 0.101587301587
0 0.897 0.380952380952 0.11 0.133333333333
0 0.859 0.511111111111 0.134 0.374603174603
0 0.642 0.503174603175 0.096 0.346031746032
