000002
000003
000005
000007
000008
000010
000012
000013
000014
000015
000017
000018
000019
000020
000022
000023
000024
000026
000027
000028
000029
000030
000032
000034
000036
000038
000039
000041
000043
000045
000050
000053
000055
000056
000057
000059
000061
000062
000064
000066
000067
000068
000070
000071
000072
000073
000074
000075
000078
000079
000081
000085
000087
000088
000089
000090
000091
000092
000095
000096
000100
000102
000103
000104
000106
000107
000108
000110
000111
000112
000114
000116
000117
000118
000119
000121
000122
000124
000125
000127
000128
000129
000130
000132
000135
000136
000138
000139
000140
000142
000143
000144
000145
000146
000148
000150
000152
000158
000159
000160
000163
000164
000165
000166
000167
000168
000170
000171
000172
000175
000182
000185
000186
000187
000188
000189
000191
000192
000196
000199
000201
000203
000205
000206
000207
000208
000209
000210
000211
000214
000215
000216
000218
000219
000220
000221
000226
000227
000229
000230
000232
000234
000235
000236
000237
000238
000239
000241
000242
000243
000245
000249
000250
000251
000253
000255
000256
000257
000258
000260
000261
000262
000263
000265
000266
000267
000268
000269
000270
000272
000273
000274
000275
000278
000280
000284
000285
000287
000288
000290
000291
000292
000294
000295
000296
000297
000298
000299
000302
000303
000305
000306
000309
000310
000311
000313
000314
000315
000316
000317
000319
000320
000321
000322
000324
000325
000326
000327
000329
000330
000331
000332
000333
000334
000335
000336
000338
000340
000341
000344
000345
000346
000348
000350
000353
000354
000356
000357
000358
000360
000362
000365
000367
000372
000373
000374
000376
000380
000383
000384
000386
000388
000389
000391
000392
000394
000395
000396
000397
000398
000399
000401
000402
000403
000404
000407
000408
000409
000411
000414
000417
000418
000419
000422
000423
000424
000425
000426
000427
000428
000429
000434
000436
000439
000440
000441
000442
000443
000444
000446
000447
000448
000452
000453
000454
000456
000457
000458
000462
000463
000464
000465
000466
000467
000469
000470
000472
000473
000474
000475
000476
000477
000478
000479
000480
000481
000484
000485
000487
000488
000489
000490
000491
000492
000493
000494
000496
000497
000498
000499
000501
000502
000503
000504
000505
000506
000507
000508
000509
000510
000513
000514
000515
000517
000518
000519
000521
000522
000523
000525
000527
000528
000529
000530
000531
000532
000533
000534
000536
000537
000538
000540
000541
000542
000545
000546
000547
000549
000550
000551
000553
000554
000555
000556
000557
000558
000559
000560
000561
000562
000563
000565
000566
000567
000568
000569
000570
000572
000573
000575
000576
000579
000581
000582
000583
000584
000585
000586
000587
000590
000591
000592
000593
000594
000595
000598
000602
000606
000607
000608
000609
000611
000613
000614
000616
000617
000619
000620
000622
000623
000624
000625
000627
000629
000630
000631
000634
000636
000637
000638
000640
000642
000643
000645
000646
000648
000651
000652
000654
000655
000656
000657
000658
000659
000660
000661
000663
000664
000665
000666
000669
000670
000671
000672
000673
000674
000676
000678
000679
000680
000681
000683
000684
000685
000686
000690
000691
000694
000695
000696
000697
000699
000701
000702
000703
000704
000705
000706
000709
000711
000713
000714
000716
000718
000719
000720
000721
000722
000724
000725
000727
000728
000729
000730
000731
000732
000734
000736
000738
000739
000740
000742
000744
000745
000746
000747
000750
000751
000753
000755
000756
000759
000761
000762
000763
000764
000765
000767
000768
000769
000773
000775
000776
000778
000779
000780
000781
000782
000784
000785
000787
000788
000789
000790
000793
000794
000797
000798
000799
000801
000802
000803
000804
000806
000808
000810
000811
000812
000814
000815
000817
000818
000819
000821
000823
000824
000825
000826
000827
000828
000829
000831
000832
000833
000834
000836
000837
000841
000846
000848
000849
000851
000852
000855
000857
000858
000862
000863
000865
000866
000867
000869
000870
000871
000872
000874
000875
000876
000879
000881
000882
000883
000885
000886
000887
000889
000890
000891
000892
000893
000894
000896
000901
000902
000903
000904
000905
000908
000909
000910
000911
000913
000915
000917
000918
000919
000920
000922
000923
000924
000925
000927
000929
000930
000932
000933
000934
000936
000941
000943
000944
000945
000946
000948
000949
000951
000952
000954
000956
000957
000959
000962
000965
000967
000968
000970
000971
000972
000973
000974
000978
000979
000980
000981
000982
000984
000985
000988
000990
000991
000993
000997
001000
001001
001002
001003
001004
001007
001008
001009
001011
001014
001015
001017
001018
001020
001021
001022
001023
001025
001026
001027
001029
001030
001031
001033
001034
001037
001038
001040
001042
001043
001045
001046
001048
001051
001052
001054
001055
001057
001058
001059
001060
001061
001064
001066
001068
001069
001071
001072
001074
001077
001078
001079
001080
001081
001082
001084
001085
001087
001088
001090
001093
001096
001097
001098
001100
001101
001106
001107
001109
001110
001111
001112
001113
001115
001116
001118
001119
001121
001122
001125
001126
001128
001129
001130
001131
001132
001133
001134
001135
001136
001140
001141
001142
001145
001148
001149
001150
001155
001156
001157
001158
001160
001162
001163
001165
001166
001167
001169
001170
001171
001172
001173
001175
001177
001178
001180
001181
001183
001185
001186
001187
001188
001189
001190
001191
001192
001193
001195
001196
001197
001199
001200
001201
001203
001204
001205
001206
001207
001208
001209
001210
001211
001214
001215
001216
001217
001218
001220
001221
001223
001225
001228
001229
001230
001231
001233
001234
001235
001236
001237
001242
001243
001244
001245
001246
001248
001250
001254
001255
001257
001260
001265
001266
001267
001269
001271
001272
001273
001274
001275
001277
001280
001283
001284
001287
001288
001289
001290
001291
001292
001293
001295
001298
001299
001303
001306
001309
001310
001312
001313
001315
001316
001317
001320
001321
001322
001324
001325
001326
001328
001330
001331
001332
001335
001336
001338
001339
001340
001341
001345
001347
001350
001351
001352
001353
001355
001357
001359
001360
001361
001364
001368
001369
001370
001371
001372
001374
001375
001376
001378
001379
001382
001383
001385
001387
001388
001389
001390
001392
001393
001395
001397
001398
001399
001401
001402
001403
001406
001409
001410
001411
001414
001415
001416
001418
001419
001420
001421
001422
001423
001424
001428
001429
001430
001434
001435
001436
001437
001440
001441
001442
001444
001446
001447
001448
001449
001450
001451
001454
001455
001457
001461
001462
001463
001464
001466
001467
001468
001469
001470
001473
001474
001475
001476
001477
001480
001481
001482
001484
001485
001486
001487
001489
001490
001491
001493
001495
001496
001497
001499
001501
001502
001503
001504
001505
001506
001507
001508
001509
001510
001511
001512
001513
001514
001515
001517
001520
001521
001523
001524
001526
001527
001528
001530
001531
001533
001534
001535
001536
001537
001538
001539
001540
001541
001543
001544
001545
001547
001548
001550
001552
001554
001555
001557
001558
001560
001562
001563
001564
001566
001567
001568
001570
001571
001572
001573
001574
001577
001579
001581
001582
001587
001589
001591
001592
001593
001595
001597
001599
001601
001603
001605
001608
001613
001614
001616
001618
001619
001620
001621
001624
001625
001626
001627
001628
001629
001631
001632
001633
001634
001636
001637
001638
001639
001640
001641
001643
001644
001645
001646
001647
001648
001649
001651
001652
001653
001656
001658
001664
001666
001670
001672
001673
001676
001679
001680
001682
001683
001686
001688
001690
001691
001695
001696
001697
001698
001699
001700
001701
001705
001706
001707
001708
001710
001711
001712
001714
001718
001720
001723
001724
001725
001727
001730
001731
001732
001733
001734
001735
001736
001737
001738
001740
001742
001744
001745
001746
001749
001750
001751
001752
001754
001755
001756
001758
001764
001769
001771
001774
001775
001776
001777
001779
001780
001781
001784
001788
001789
001790
001793
001794
001795
001796
001798
001799
001800
001803
001805
001806
001808
001810
001811
001812
001813
001814
001815
001817
001818
001822
001823
001825
001826
001827
001828
001831
001833
001834
001835
001838
001839
001841
001843
001844
001846
001847
001849
001850
001852
001853
001854
001855
001857
001858
001859
001860
001861
001862
001863
001864
001865
001867
001868
001870
001871
001875
001878
001879
001880
001882
001885
001888
001891
001892
001893
001895
001897
001898
001900
001901
001902
001903
001904
001907
001909
001910
001911
001912
001913
001914
001919
001920
001921
001922
001923
001924
001925
001927
001928
001929
001930
001931
001932
001936
001937
001938
001943
001945
001947
001950
001951
001953
001954
001956
001958
001959
001961
001962
001965
001968
001970
001971
001973
001976
001977
001978
001979
001980
001982
001985
001986
001987
001988
001989
001992
001993
001994
001995
001996
001998
001999
002000
002001
002005
002007
002008
002009
002013
002015
002020
002021
002022
002023
002025
002026
002027
002028
002029
002033
002035
002036
002037
002038
002039
002040
002041
002043
002044
002045
002047
002048
002049
002051
002052
002054
002057
002059
002061
002062
002063
002065
002066
002068
002071
002072
002073
002074
002075
002076
002078
002079
002081
002085
002087
002088
002089
002092
002093
002098
002101
002102
002103
002104
002106
002107
002109
002111
002112
002113
002115
002116
002117
002118
002119
002123
002125
002127
002129
002130
002131
002132
002136
002137
002139
002140
002141
002142
002143
002146
002148
002149
002150
002151
002154
002157
002158
002161
002162
002163
002165
002166
002168
002170
002172
002174
002175
002176
002179
002180
002181
002183
002184
002185
002186
002187
002188
002189
002190
002192
002193
002195
002196
002197
002198
002200
002202
002204
002205
002206
002208
002209
002211
002213
002216
002217
002218
002219
002220
002221
002222
002223
002225
002226
002227
002228
002229
002231
002232
002233
002235
002238
002240
002243
002244
002245
002248
002249
002250
002251
002253
002254
002255
002258
002259
002261
002262
002267
002269
002270
002272
002275
002278
002279
002280
002281
002282
002284
002286
002287
002288
002291
002292
002295
002298
002300
002301
002302
002303
002304
002306
002307
002308
002311
002312
002314
002317
002318
002319
002320
002321
002322
002323
002324
002328
002329
002330
002331
002332
002333
002335
002337
002340
002341
002345
002346
002348
002349
002350
002351
002354
002356
002357
002359
002360
002362
002368
002370
002371
002375
002377
002378
002379
002383
002384
002385
002386
002388
002389
002390
002391
002392
002396
002397
002398
002403
002404
002405
002406
002407
002408
002409
002410
002411
002412
002413
002414
002415
002416
002417
002420
002422
002423
002424
002425
002426
002427
002429
002431
002432
002433
002435
002436
002437
002438
002439
002441
002442
002444
002445
002446
002448
002449
002451
002452
002453
002454
002457
002459
002461
002462
002465
002466
002467
002468
002469
002471
002474
002476
002477
002478
002479
002480
002481
002483
002484
002485
002486
002488
002489
002490
002491
002492
002493
002496
002498
002499
002500
002501
002503
002504
002505
002506
002507
002508
002509
002510
002511
002515
002519
002521
002522
002523
002524
002525
002526
002527
002528
002529
002531
002532
002533
002534
002535
002536
002537
002538
002539
002540
002541
002542
002543
002546
002547
002548
002549
002551
002552
002554
002555
002556
002557
002558
002559
002560
002563
002564
002565
002566
002567
002568
002571
002572
002575
002578
002579
002584
002585
002586
002588
002589
002590
002591
002592
002595
002596
002597
002598
002600
002601
002602
002604
002606
002607
002608
002610
002611
002612
002613
002614
002615
002618
002619
002621
002623
002624
002625
002626
002627
002628
002629
002631
002632
002634
002637
002638
002641
002642
002646
002648
002649
002650
002654
002655
002656
002657
002658
002660
002662
002665
002666
002667
002671
002672
002673
002675
002676
002678
002680
002684
002686
002687
002690
002691
002693
002694
002695
002697
002702
002703
002704
002705
002707
002708
002709
002714
002715
002717
002718
002720
002722
002724
002727
002728
002733
002736
002739
002740
002741
002742
002744
002745
002747
002752
002754
002755
002756
002757
002759
002760
002763
002764
002765
002766
002767
002771
002772
002773
002774
002775
002778
002781
002782
002783
002785
002786
002788
002789
002791
002794
002795
002796
002797
002799
002800
002801
002802
002803
002804
002805
002807
002810
002814
002815
002816
002817
002821
002822
002823
002824
002825
002831
002835
002837
002839
002840
002841
002842
002843
002845
002848
002849
002850
002851
002852
002853
002854
002855
002856
002859
002860
002861
002865
002867
002868
002869
002870
002871
002872
002873
002880
002881
002884
002885
002886
002887
002888
002890
002891
002892
002893
002894
002895
002896
002897
002900
002901
002902
002903
002904
002906
002907
002908
002909
002911
002914
002915
002917
002920
002921
002924
002925
002926
002927
002929
002930
002932
002933
002934
002935
002937
002938
002941
002942
002946
002948
002949
002950
002951
002952
002954
002955
002957
002958
002960
002961
002962
002965
002967
002968
002970
002973
002974
002975
002976
002977
002978
002980
002981
002982
002983
002984
002986
002988
002990
002991
002992
002993
002995
002997
002998
002999
003000
003002
003003
003005
003007
003008
003009
003011
003012
003014
003015
003016
003017
003019
003021
003022
003024
003025
003027
003028
003029
003030
003032
003033
003034
003035
003037
003038
003039
003041
003042
003043
003044
003045
003046
003047
003049
003050
003051
003052
003056
003057
003058
003059
003060
003061
003062
003063
003064
003066
003068
003069
003070
003072
003073
003074
003076
003078
003081
003082
003084
003085
003086
003087
003088
003089
003091
003094
003096
003097
003098
003099
003100
003101
003102
003103
003104
003107
003108
003109
003110
003111
003112
003113
003114
003117
003121
003123
003124
003126
003127
003128
003131
003132
003133
003135
003136
003137
003140
003141
003144
003146
003147
003148
003149
003151
003152
003153
003155
003156
003157
003158
003159
003161
003162
003163
003164
003166
003167
003168
003170
003173
003176
003177
003178
003179
003180
003181
003182
003183
003185
003186
003188
003189
003191
003193
003194
003195
003196
003198
003199
003201
003202
003203
003207
003208
003209
003211
003212
003213
003214
003215
003216
003217
003218
003220
003221
003222
003223
003225
003226
003227
003228
003229
003230
003232
003234
003236
003237
003241
003242
003247
003248
003253
003255
003259
003262
003264
003265
003267
003269
003271
003272
003274
003276
003277
003278
003279
003281
003282
003283
003285
003286
003287
003288
003290
003291
003292
003294
003295
003296
003297
003298
003299
003300
003301
003304
003305
003307
003308
003309
003310
003311
003315
003316
003317
003318
003319
003320
003321
003322
003324
003325
003327
003328
003330
003331
003332
003333
003334
003335
003337
003343
003344
003345
003346
003347
003349
003351
003352
003353
003354
003357
003361
003363
003365
003366
003367
003368
003370
003371
003372
003373
003375
003376
003377
003379
003381
003384
003385
003387
003388
003389
003390
003391
003394
003395
003396
003398
003402
003403
003404
003406
003407
003408
003409
003411
003412
003414
003416
003417
003418
003419
003420
003423
003424
003427
003428
003429
003431
003432
003433
003434
003435
003436
003437
003438
003439
003440
003441
003442
003444
003446
003447
003448
003449
003450
003451
003452
003453
003454
003455
003457
003458
003459
003460
003461
003462
003463
003465
003466
003467
003470
003472
003473
003475
003477
003478
003479
003481
003482
003483
003485
003486
003487
003489
003490
003491
003492
003493
003494
003495
003496
003497
003498
003500
003501
003502
003503
003506
003511
003512
003513
003514
003517
003520
003521
003522
003523
003524
003527
003528
003529
003530
003532
003533
003534
003535
003536
003538
003539
003542
003543
003545
003547
003548
003549
003550
003551
003552
003554
003555
003556
003559
003560
003562
003563
003564
003567
003569
003570
003571
003573
003574
003575
003576
003577
003579
003580
003583
003584
003586
003587
003588
003591
003592
003593
003594
003596
003597
003598
003599
003600
003603
003606
003607
003608
003610
003612
003613
003614
003616
003617
003620
003621
003622
003623
003624
003626
003628
003629
003632
003634
003635
003636
003637
003639
003640
003642
003643
003644
003649
003650
003652
003653
003654
003658
003659
003660
003662
003663
003666
003669
003670
003671
003672
003673
003674
003676
003677
003678
003679
003682
003683
003684
003685
003686
003688
003689
003690
003691
003692
003693
003694
003695
003696
003697
003698
003701
003703
003706
003707
003708
003711
003712
003714
003716
003717
003718
003721
003722
003723
003724
003725
003727
003729
003733
003734
003735
003736
003740
003741
003743
003745
003746
003749
003750
003751
003752
003754
003755
003757
003758
003764
003765
003766
003767
003768
003769
003770
003773
003776
003777
003780
003781
003783
003788
003789
003791
003792
003793
003794
003795
003797
003798
003800
003802
003804
003806
003807
003808
003809
003811
003812
003815
003816
003817
003818
003819
003821
003824
003825
003827
003828
003829
003830
003831
003832
003833
003836
003837
003840
003841
003843
003845
003846
003847
003848
003850
003851
003853
003854
003855
003859
003860
003862
003863
003864
003865
003866
003869
003871
003872
003873
003874
003875
003876
003880
003881
003882
003885
003886
003888
003890
003891
003892
003893
003895
003896
003897
003898
003899
003901
003903
003905
003906
003907
003908
003909
003911
003914
003915
003916
003917
003918
003919
003920
003922
003923
003924
003925
003926
003928
003930
003931
003933
003934
003937
003941
003942
003943
003944
003945
003947
003949
003950
003951
003958
003960
003961
003962
003965
003968
003972
003973
003974
003975
003976
003977
003978
003979
003980
003981
003983
003987
003989
003990
003994
003997
003998
003999
004001
004002
004003
004004
004006
004007
004015
004016
004018
004019
004021
004022
004023
004024
004025
004026
004027
004028
004029
004030
004031
004032
004035
004036
004038
004043
004045
004046
004048
004050
004051
004052
004053
004054
004056
004060
004061
004062
004063
004065
004066
004067
004069
004070
004071
004072
004074
004077
004078
004079
004080
004082
004083
004084
004085
004086
004088
004092
004094
004096
004097
004099
004100
004101
004103
004104
004105
004106
004108
004109
004111
004112
004113
004115
004116
004117
004119
004120
004121
004123
004124
004126
004129
004131
004133
004135
004136
004140
004141
004142
004144
004145
004146
004147
004148
004150
004151
004152
004153
004154
004155
004158
004161
004164
004165
004166
004167
004169
004170
004171
004172
004174
004175
004176
004178
004180
004182
004184
004186
004187
004188
004189
004190
004193
004195
004198
004199
004200
004201
004202
004203
004204
004206
004207
004208
004209
004211
004212
004213
004214
004215
004217
004218
004220
004221
004223
004224
004225
004226
004230
004231
004233
004236
004237
004238
004239
004241
004243
004245
004246
004247
004249
004254
004255
004256
004257
004258
004260
004261
004263
004265
004266
004267
004268
004269
004270
004271
004273
004275
004277
004278
004282
004285
004286
004287
004288
004293
004294
004295
004296
004298
004299
004300
004301
004303
004304
004306
004307
004308
004309
004310
004311
004314
004315
004317
004318
004319
004320
004321
004322
004324
004327
004329
004330
004333
004334
004336
004337
004338
004339
004340
004341
004342
004346
004348
004350
004351
004352
004353
004355
004356
004357
004361
004363
004365
004366
004367
004368
004372
004373
004374
004378
004379
004380
004382
004385
004388
004390
004392
004393
004394
004395
004396
004397
004398
004399
004401
004402
004405
004407
004409
004410
004413
004414
004419
004420
004422
004426
004427
004429
004430
004432
004433
004435
004440
004441
004443
004444
004445
004446
004448
004449
004450
004455
004457
004459
004460
004466
004468
004469
004470
004476
004478
004479
004480
004481
004484
004485
004487
004488
004489
004491
004494
004498
004499
004500
004501
004505
004506
004509
004510
004512
004513
004514
004515
004517
004520
004521
004522
004523
004525
004527
004528
004530
004533
004534
004536
004537
004540
004541
004543
004544
004545
004547
004548
004549
004550
004552
004553
004554
004555
004557
004558
004559
004562
004565
004567
004568
004569
004570
004571
004576
004577
004578
004579
004581
004582
004583
004584
004586
004587
004588
004589
004590
004592
004593
004594
004595
004597
004598
004599
004600
004601
004603
004604
004605
004606
004607
004609
004610
004611
004613
004615
004616
004619
004621
004628
004629
004630
004632
004633
004635
004637
004638
004639
004640
004641
004642
004643
004644
004645
004647
004650
004651
004655
004658
004659
004660
004661
004662
004665
004667
004668
004669
004670
004671
004672
004673
004675
004676
004677
004678
004680
004681
004683
004685
004686
004688
004689
004690
004692
004694
004695
004696
004699
004700
004702
004703
004704
004706
004708
004710
004716
004719
004720
004722
004723
004724
004726
004728
004730
004732
004734
004736
004738
004739
004740
004742
004743
004744
004746
004748
004752
004753
004756
004757
004758
004759
004760
004761
004762
004763
004764
004765
004766
004769
004771
004772
004774
004775
004776
004779
004780
004781
004782
004784
004785
004786
004788
004789
004790
004791
004795
004797
004799
004801
004803
004805
004806
004807
004808
004810
004811
004812
004813
004819
004820
004823
004824
004825
004829
004830
004831
004833
004834
004837
004838
004839
004841
004842
004843
004844
004846
004847
004848
004850
004851
004854
004855
004857
004858
004859
004860
004861
004863
004864
004865
004866
004867
004869
004870
004871
004872
004873
004874
004878
004880
004881
004883
004885
004888
004889
004890
004893
004895
004896
004897
004898
004902
004903
004904
004905
004906
004907
004908
004910
004913
004915
004916
004918
004919
004920
004921
004922
004923
004924
004925
004926
004927
004928
004930
004931
004933
004934
004935
004937
004938
004940
004941
004942
004944
004945
004946
004947
004948
004949
004950
004955
004956
004957
004958
004959
004960
004961
004962
004965
004966
004969
004972
004974
004975
004976
004977
004978
004979
004980
004981
004982
004983
004985
004986
004987
004988
004990
004991
004992
004994
004995
004997
004998
005000
005005
005006
005007
005010
005011
005013
005014
005015
005019
005022
005023
005024
005025
005026
005027
005028
005029
005030
005032
005034
005036
005039
005040
005041
005042
005043
005046
005048
005049
005050
005051
005054
005056
005057
005058
005060
005061
005062
005063
005065
005066
005067
005068
005069
005070
005074
005075
005079
005080
005081
005085
005086
005088
005089
005090
005091
005093
005095
005096
005097
005098
005100
005101
005103
005104
005105
005106
005107
005108
005109
005112
005113
005114
005115
005116
005117
005118
005119
005120
005122
005124
005125
005129
005130
005132
005133
005134
005135
005136
005137
005138
005139
005140
005141
005144
005145
005148
005149
005152
005153
005154
005155
005156
005158
005161
005163
005164
005166
005169
005170
005173
005175
005177
005179
005181
005183
005185
005186
005187
005189
005190
005192
005193
005194
005196
005197
005198
005199
005201
005202
005204
005205
005207
005208
005209
005210
005212
005213
005214
005215
005216
005217
005218
005220
005221
005222
005223
005224
005226
005227
005230
005233
005234
005235
005236
005238
005239
005241
005242
005243
005248
005250
005252
005253
005254
005255
005256
005259
005260
005261
005263
005264
005266
005267
005268
005269
005270
005272
005273
005277
005278
005279
005280
005284
005286
005287
005290
005291
005292
005293
005294
005295
005296
005298
005299
005300
005302
005304
005305
005306
005307
005308
005309
005312
005313
005314
005316
005317
005318
005320
005322
005323
005325
005333
005334
005335
005337
005338
005341
005342
005343
005344
005345
005346
005350
005353
005354
005355
005357
005359
005360
005362
005364
005368
005370
005371
005372
005373
005374
005375
005377
005378
005379
005381
005382
005383
005384
005385
005386
005387
005388
005390
005391
005395
005396
005399
005401
005402
005403
005404
005405
005406
005407
005410
005411
005412
005414
005415
005416
005417
005418
005420
005421
005422
005423
005424
005426
005427
005428
005429
005430
005432
005433
005434
005435
005436
005437
005439
005440
005441
005443
005446
005448
005449
005450
005453
005454
005455
005457
005460
005461
005462
005463
005465
005466
005467
005470
005471
005472
005473
005474
005476
005478
005479
005483
005486
005487
005490
005491
005492
005493
005494
005495
005496
005501
005502
005503
005505
005506
005508
005509
005510
005512
005513
005514
005516
005517
005518
005519
005522
005523
005525
005526
005527
005528
005529
005530
005531
005532
005533
005534
005535
005536
005537
005539
005540
005544
005545
005548
005549
005551
005553
005555
005556
005557
005559
005560
005564
005565
005566
005567
005568
005569
005570
005571
005572
005573
005574
005575
005576
005577
005578
005579
005580
005582
005585
005588
005589
005590
005591
005594
005595
005596
005597
005598
005599
005600
005601
005603
005604
005608
005609
005610
005611
005612
005614
005615
005617
005618
005623
005625
005626
005627
005628
005630
005632
005634
005635
005636
005637
005640
005642
005643
005644
005645
005646
005647
005648
005650
005653
005655
005658
005660
005662
005663
005667
005669
005670
005671
005672
005674
005676
005678
005679
005680
005681
005683
005684
005685
005686
005687
005688
005689
005690
005692
005693
005695
005696
005697
005699
005700
005701
005703
005704
005707
005708
005710
005712
005714
005715
005716
005717
005718
005723
005724
005726
005727
005729
005730
005731
005732
005735
005737
005739
005740
005742
005743
005744
005745
005746
005747
005748
005751
005752
005753
005755
005759
005760
005761
005762
005765
005767
005768
005769
005771
005772
005773
005774
005775
005776
005780
005781
005784
005785
005786
005787
005788
005789
005791
005792
005793
005794
005797
005799
005800
005802
005803
005804
005805
005809
005813
005815
005816
005818
005819
005820
005821
005822
005824
005827
005829
005831
005837
005839
005840
005841
005842
005843
005844
005846
005847
005848
005849
005852
005853
005854
005855
005857
005858
005859
005861
005865
005866
005867
005868
005870
005871
005872
005873
005875
005877
005878
005879
005882
005886
005887
005888
005889
005890
005891
005893
005894
005895
005896
005897
005898
005899
005902
005903
005904
005905
005906
005907
005908
005909
005914
005915
005917
005919
005920
005921
005923
005924
005925
005926
005927
005929
005930
005933
005934
005935
005936
005938
005940
005941
005942
005943
005944
005945
005946
005947
005948
005949
005953
005954
005956
005959
005961
005962
005964
005966
005967
005968
005971
005972
005974
005977
005980
005983
005984
005985
005986
005988
005989
005990
005991
005992
005993
005994
005995
005997
005998
006000
006001
006003
006006
006008
006010
006014
006016
006018
006019
006020
006021
006023
006024
006025
006026
006028
006031
006032
006035
006036
006037
006038
006039
006040
006041
006044
006045
006046
006048
006049
006050
006051
006055
006056
006059
006060
006062
006064
006065
006067
006069
006070
006072
006073
006074
006076
006078
006079
006080
006081
006084
006085
006086
006087
006088
006090
006091
006092
006093
006094
006095
006096
006097
006098
006100
006101
006103
006106
006107
006108
006109
006110
006111
006112
006113
006114
006116
006117
006118
006120
006121
006123
006125
006127
006128
006129
006130
006131
006133
006134
006135
006136
006137
006139
006141
006144
006145
006147
006149
006150
006153
006154
006156
006157
006158
006159
006160
006161
006162
006164
006165
006166
006167
006168
006169
006171
006172
006174
006175
006176
006177
006178
006179
006182
006183
006184
006188
006189
006191
006192
006194
006196
006198
006199
006200
006201
006203
006204
006206
006207
006208
006209
006210
006211
006212
006214
006217
006218
006219
006220
006222
006223
006224
006227
006228
006229
006232
006238
006239
006240
006241
006243
006247
006249
006250
006251
006253
006255
006257
006258
006259
006261
006262
006264
006265
006266
006268
006269
006270
006271
006272
006273
006275
006276
006277
006279
006280
006281
006282
006283
006284
006288
006289
006290
006291
006292
006296
006298
006299
006300
006301
006302
006303
006304
006306
006307
006308
006309
006312
006313
006319
006320
006322
006324
006325
006327
006328
006329
006330
006333
006340
006342
006344
006346
006347
006348
006350
006351
006352
006353
006354
006355
006356
006357
006358
006359
006360
006361
006363
006364
006365
006366
006367
006368
006369
006370
006371
006373
006374
006376
006377
006378
006379
006381
006382
006383
006384
006386
006388
006390
006391
006392
006394
006396
006397
006398
006400
006401
006405
006406
006408
006409
006410
006413
006414
006416
006418
006419
006420
006421
006422
006423
006427
006428
006429
006430
006432
006433
006435
006437
006438
006440
006441
006442
006443
006445
006446
006447
006450
006451
006452
006454
006455
006458
006460
006465
006466
006469
006470
006471
006472
006475
006476
006478
006479
006480
006481
006484
006486
006487
006488
006489
006490
006491
006493
006496
006497
006498
006499
006500
006501
006505
006507
006508
006510
006511
006514
006516
006517
006518
006519
006520
006522
006523
006525
006526
006527
006528
006532
006536
006538
006539
006543
006545
006546
006548
006551
006552
006554
006556
006557
006558
006560
006561
006562
006564
006565
006566
006567
006569
006570
006571
006573
006575
006577
006579
006580
006581
006586
006588
006590
006591
006592
006594
006596
006598
006599
006600
006603
006604
006605
006606
006607
006608
006612
006618
006620
006621
006622
006623
006624
006629
006630
006631
006633
006635
006636
006637
006638
006639
006640
006641
006643
006647
006649
006650
006651
006653
006656
006657
006658
006660
006661
006662
006663
006664
006667
006668
006671
006673
006674
006676
006678
006679
006680
006681
006684
006685
006688
006694
006695
006697
006699
006701
006706
006707
006709
006711
006716
006717
006718
006720
006722
006724
006725
006726
006728
006729
006730
006731
006734
006735
006736
006737
006738
006740
006741
006742
006743
006744
006745
006748
006749
006750
006751
006752
006754
006756
006757
006758
006759
006760
006761
006765
006766
006767
006768
006769
006771
006772
006773
006774
006775
006776
006777
006779
006782
006783
006785
006786
006787
006789
006790
006792
006793
006794
006797
006798
006799
006800
006801
006802
006803
006804
006806
006807
006808
006811
006812
006814
006815
006817
006818
006819
006820
006821
006824
006826
006827
006829
006832
006833
006834
006837
006838
006839
006840
006842
006844
006845
006846
006847
006848
006849
006850
006851
006853
006855
006856
006858
006860
006861
006862
006863
006866
006867
006868
006873
006874
006875
006877
006879
006880
006881
006882
006883
006885
006886
006889
006890
006892
006893
006896
006897
006898
006900
006902
006903
006904
006907
006908
006909
006911
006912
006913
006914
006916
006917
006918
006919
006920
006921
006922
006923
006924
006926
006927
006928
006930
006931
006932
006934
006935
006938
006939
006940
006941
006942
006944
006947
006950
006951
006954
006955
006956
006959
006960
006961
006963
006966
006967
006968
006969
006970
006971
006973
006974
006975
006977
006978
006979
006981
006982
006983
006984
006985
006986
006988
006991
006992
006995
006997
006998
006999
007000
007001
007003
007009
007010
007015
007016
007017
007018
007021
007022
007024
007027
007028
007029
007030
007032
007035
007036
007037
007040
007042
007044
007045
007046
007047
007048
007049
007050
007051
007052
007053
007055
007056
007057
007058
007059
007060
007061
007062
007064
007065
007066
007067
007069
007070
007071
007072
007073
007074
007075
007076
007077
007078
007079
007083
007084
007087
007088
007091
007094
007095
007097
007100
007101
007102
007103
007105
007106
007108
007109
007110
007112
007113
007114
007116
007117
007118
007119
007122
007123
007124
007125
007126
007128
007129
007131
007133
007134
007135
007139
007140
007141
007142
007143
007145
007147
007148
007149
007150
007151
007152
007156
007157
007158
007160
007165
007167
007168
007169
007170
007171
007172
007176
007177
007178
007183
007185
007187
007189
007190
007192
007193
007194
007195
007196
007197
007198
007199
007200
007201
007202
007206
007208
007210
007211
007212
007213
007214
007215
007216
007217
007218
007220
007221
007223
007225
007226
007227
007228
007230
007231
007234
007235
007237
007238
007239
007240
007243
007247
007248
007251
007252
007253
007254
007256
007258
007259
007261
007262
007265
007267
007268
007270
007271
007273
007274
007276
007277
007280
007284
007285
007286
007287
007289
007290
007293
007294
007295
007296
007297
007298
007300
007302
007303
007304
007306
007308
007310
007312
007313
007315
007316
007321
007323
007325
007326
007327
007329
007331
007332
007334
007335
007336
007339
007341
007342
007343
007345
007346
007347
007348
007349
007350
007351
007352
007353
007354
007355
007356
007358
007360
007362
007363
007365
007366
007367
007368
007369
007370
007371
007372
007376
007377
007378
007379
007380
007381
007382
007383
007384
007385
007386
007387
007389
007391
007392
007393
007394
007395
007397
007398
007399
007400
007401
007402
007404
007405
007406
007407
007408
007409
007410
007411
007412
007413
007418
007419
007420
007424
007427
007432
007433
007434
007436
007437
007438
007441
007442
007443
007448
007449
007450
007451
007452
007453
007454
007456
007458
007459
007460
007462
007464
007465
007467
007468
007471
007472
007473
007474
007475
007476
007478
007479
007480
007481
007483
007486
007487
007489
007490
007491
007492
007494
007495
007496
007498
007500
007502
007503
007504
007505
007506
007507
007509
007511
007512
007514
007516
007519
007521
007523
007524
007529
007531
007533
007534
007535
007536
007537
007538
007539
007540
007541
007545
007546
007547
007548
007550
007552
007553
007554
007556
007557
007558
007559
007560
007561
007564
007565
007567
007568
007569
007570
007572
007573
007574
007575
007576
007577
007580
007581
007583
007584
007585
007586
007587
007588
007589
007590
007592
007595
007597
007598
007599
007601
007602
007604
007606
007607
007609
007610
007613
007614
007617
007621
007623
007624
007625
007628
007629
007630
007631
007632
007633
007634
007635
007636
007638
007640
007641
007642
007647
007649
007651
007652
007654
007655
007657
007658
007659
007661
007663
007665
007668
007673
007674
007676
007677
007679
007681
007683
007685
007686
007688
007689
007690
007691
007692
007693
007696
007700
007701
007704
007705
007706
007707
007708
007710
007711
007713
007714
007715
007716
007717
007718
007719
007720
007721
007722
007723
007724
007725
007726
007728
007729
007734
007735
007736
007737
007738
007741
007743
007744
007746
007747
007749
007751
007754
007755
007756
007758
007759
007762
007764
007765
007767
007768
007769
007770
007771
007772
007773
007775
007776
007777
007778
007779
007780
007781
007782
007783
007784
007785
007787
007788
007790
007791
007792
007793
007794
007796
007798
007799
007802
007808
007809
007810
007811
007812
007813
007814
007818
007820
007824
007825
007826
007827
007829
007831
007833
007834
007835
007836
007840
007843
007845
007846
007847
007849
007853
007854
007855
007856
007858
007859
007860
007861
007862
007863
007864
007865
007866
007868
007869
007870
007871
007872
007873
007877
007879
007881
007882
007883
007885
007886
007891
007892
007893
007894
007895
007896
007897
007898
007900
007905
007907
007908
007909
007912
007914
007915
007918
007919
007921
007924
007926
007929
007934
007935
007940
007941
007942
007943
007945
007946
007947
007948
007949
007951
007952
007954
007955
007956
007957
007959
007961
007962
007963
007964
007965
007966
007967
007968
007969
007970
007971
007972
007974
007975
007976
007977
007981
007982
007984
007985
007987
007988
007989
007990
007992
007993
007994
007995
007996
007997
007998
007999
008001
008002
008003
008004
008005
008006
008007
008008
008009
008010
008012
008013
008014
008015
008016
008019
008020
008021
008023
008026
008028
008029
008030
008032
008033
008034
008035
008038
008040
008041
008043
008044
008045
008046
008049
008050
008055
008056
008057
008059
008061
008062
008063
008064
008066
008068
008069
008070
008071
008072
008073
008074
008075
008076
008079
008080
008082
008083
008084
008085
008087
008088
008089
008090
008092
008093
008094
008095
008097
008098
008099
008100
008102
008103
008104
008107
008110
008111
008113
008114
008115
008117
008118
008119
008122
008123
008124
008125
008126
008128
008131
008132
008133
008134
008135
008136
008140
008141
008142
008145
008147
008148
008151
008153
008154
008158
008160
008162
008166
008169
008170
008171
008172
008174
008177
008179
008180
008181
008182
008183
008184
008185
008186
008187
008188
008189
008190
008191
008197
008198
008200
008201
008203
008205
008206
008209
008211
008212
008213
008214
008215
008216
008220
008221
008223
008224
008225
008226
008227
008228
008230
008231
008232
008233
008234
008237
008238
008244
008245
008246
008248
008249
008250
008251
008252
008253
008254
008256
008257
008258
008259
008260
008261
008262
008263
008264
008267
008269
008270
008271
008274
008275
008276
008279
008281
008284
008286
008287
008289
008290
008294
008299
008300
008302
008303
008304
008305
008306
008307
008309
008310
008312
008313
008314
008315
008317
008318
008321
008322
008323
008325
008327
008329
008330
008331
008332
008333
008337
008338
008340
008341
008344
008347
008349
008351
008352
008353
008354
008359
008361
008362
008366
008368
008369
008370
008371
008372
008375
008376
008377
008379
008380
008382
008384
008387
008390
008392
008393
008394
008398
008400
008401
008402
008403
008404
008405
008406
008408
008409
008410
008411
008412
008416
008417
008420
008422
008423
008424
008425
008427
008428
008429
008430
008432
008434
008435
008436
008437
008440
008441
008446
008448
008449
008450
008451
008452
008453
008454
008455
008456
008458
008459
008461
008462
008463
008464
008465
008466
008467
008469
008473
008474
008479
008480
008481
008483
008485
008486
008487
008491
008493
008494
008496
008497
008501
008502
008504
008506
008507
008508
008509
008510
008512
008514
008515
008516
008517
008518
008519
008520
008523
008525
008528
008529
008530
008532
008533
008535
008536
008541
008542
008544
008545
008546
008548
008550
008551
008552
008553
008554
008556
008557
008558
008559
008560
008561
008562
008565
008567
008568
008570
008573
008575
008576
008578
008579
008583
008586
008587
008588
008589
008590
008591
008594
008596
008597
008598
008599
008601
008602
008603
008604
008605
008606
008607
008608
008609
008610
008611
008612
008613
008614
008615
008618
008620
008621
008622
008624
008625
008628
008629
008630
008631
008632
008634
008635
008636
008637
008638
008639
008643
008646
008649
008650
008651
008652
008654
008655
008656
008658
008661
008662
008663
008665
008666
008667
008668
008670
008671
008672
008675
008676
008677
008678
008682
008683
008686
008687
008692
008695
008696
008697
008698
008700
008701
008702
008705
008706
008707
008708
008710
008711
008713
008714
008715
008717
008718
008719
008723
008724
008726
008727
008728
008729
008731
008734
008735
008736
008737
008738
008739
008740
008741
008742
008743
008744
008745
008751
008753
008757
008758
008759
008762
008764
008765
008766
008767
008771
008772
008774
008775
008779
008783
008784
008785
008788
008789
008790
008791
008793
008794
008795
008796
008797
008798
008799
008801
008802
008804
008808
008809
008812
008813
008814
008815
008817
008818
008819
008821
008823
008826
008827
008828
008829
008830
008831
008838
008839
008840
008841
008843
008844
008845
008847
008851
008852
008855
008856
008857
008858
008860
008865
008866
008869
008871
008873
008875
008877
008881
008883
008885
008886
008887
008890
008891
008892
008893
008895
008896
008897
008900
008904
008906
008907
008908
008911
008912
008913
008914
008915
008916
008919
008920
008921
008922
008923
008924
008925
008928
008929
008930
008931
008932
008934
008935
008937
008938
008939
008940
008942
008943
008945
008949
008952
008953
008954
008955
008956
008957
008958
008959
008960
008961
008962
008964
008965
008967
008969
008970
008975
008977
008984
008985
008986
008988
008993
008995
008996
008997
008998
009000
009001
009003
009005
009006
009010
009011
009012
009013
009016
009017
009018
009021
009022
009026
009031
009032
009033
009035
009038
009040
009041
009042
009043
009044
009045
009046
009047
009048
009049
009050
009051
009052
009055
009056
009057
009058
009060
009061
009062
009065
009067
009068
009069
009070
009074
009075
009076
009077
009078
009079
009083
009084
009085
009086
009087
009088
009090
009091
009095
009096
009097
009098
009099
009100
009101
009103
009104
009106
009107
009108
009109
009110
009112
009114
009115
009116
009117
009120
009121
009123
009124
009126
009128
009129
009131
009133
009134
009135
009136
009137
009138
009139
009141
009142
009145
009147
009149
009150
009151
009152
009153
009155
009156
009157
009158
009159
009160
009162
009165
009167
009168
009169
009170
009172
009173
009175
009176
009177
009179
009182
009183
009184
009186
009187
009190
009192
009196
009197
009198
009200
009201
009203
009204
009205
009206
009213
009214
009215
009216
009217
009218
009219
009220
009221
009222
009227
009230
009232
009234
009237
009238
009240
009243
009245
009246
009254
009257
009258
009259
009260
009261
009264
009265
009266
009267
009268
009273
009277
009278
009279
009281
009283
009284
009286
009287
009288
009289
009290
009291
009293
009294
009295
009296
009298
009301
009302
009303
009304
009305
009306
009307
009308
009310
009311
009312
009314
009316
009317
009319
009321
009324
009325
009327
009328
009329
009331
009332
009334
009335
009336
009338
009339
009341
009342
009343
009344
009345
009346
009347
009348
009350
009351
009354
009356
009357
009358
009359
009360
009361
009363
009365
009366
009368
009372
009373
009374
009375
009376
009378
009379
009380
009383
009384
009387
009388
009392
009393
009395
009396
009398
009400
009401
009404
009405
009406
009407
009408
009410
009411
009412
009415
009416
009418
009419
009420
009421
009423
009424
009425
009428
009430
009432
009436
009438
009439
009440
009441
009442
009444
009446
009448
009449
009451
009452
009455
009457
009458
009460
009461
009462
009465
009466
009467
009468
009469
009471
009473
009474
009476
009478
009481
009482
009483
009485
009487
009488
009489
009490
009491
009492
009493
009494
009496
009499
009500
009501
009503
009504
009505
009508
009510
009511
009512
009513
009515
009516
009518
009519
009521
009522
009524
009525
009526
009530
009533
009536
009537
009538
009540
009542
009543
009544
009546
009549
009550
009554
009557
009559
009561
009563
009565
009566
009567
009568
009569
009571
009573
009574
009575
009577
009579
009580
009581
009583
009584
009585
009591
009595
009596
009599
009600
009602
009603
009606
009607
009608
009609
009611
009613
009614
009615
009616
009619
009621
009623
009624
009625
009626
009628
009629
009630
009631
009632
009633
009634
009635
009636
009637
009641
009642
009643
009645
009648
009650
009651
009654
009655
009656
009657
009658
009659
009665
009667
009668
009670
009671
009672
009673
009675
009676
009677
009679
009680
009684
009685
009688
009690
009695
009697
009698
009699
009700
009701
009706
009707
009708
009709
009710
009712
009713
009714
009715
009716
009718
009722
009723
009724
009725
009726
009728
009729
009730
009731
009732
009734
009735
009737
009739
009742
009743
009744
009745
009746
009747
009748
009751
009752
009757
009758
009759
009761
009762
009763
009764
009765
009767
009768
009770
009771
009772
009778
009780
009781
009782
009783
009785
009786
009790
009791
009794
009795
009796
009798
009799
009800
009802
009803
009806
009807
009808
009810
009811
009813
009814
009815
009816
009817
009819
009820
009822
009823
009824
009825
009826
009827
009829
009830
009832
009835
009837
009838
009841
009842
009845
009846
009847
009850
009854
009857
009858
009859
009860
009861
009863
009865
009866
009867
009868
009869
009870
009872
009873
009875
009877
009881
009882
009884
009885
009886
009888
009889
009890
009892
009893
009894
009895
009896
009897
009899
009901
009902
009904
009905
009906
009907
009908
009909
009910
009911
009912
009913
009914
009915
009916
009917
009918
009919
009920
009923
009924
009925
009928
009930
009931
009932
009934
009935
009936
009937
009938
009939
009940
009946
009948
009949
009950
009951
009953
009954
009955
009956
009957
009958
009959
009960
009962
